# time  measured_R_shock  Sedov_R_2D_xi_equals_1
4.639112442985625102e-04 0.000000000000000000e+00 2.153859894000913211e-02
2.585183064901873384e-03 1.260938468091326037e-01 5.084469554340819569e-02
5.021126082019607140e-03 1.411664921843175935e-01 7.085990461480742852e-02
7.761981265403744383e-03 1.563476257514804790e-01 8.810210704292914530e-02
1.005966711454671196e-02 1.683770473613461494e-01 1.002978918748879400e-01
1.271199393913539054e-02 1.778952740114953246e-01 1.127474786375969873e-01
1.535803189199669641e-02 1.885549747835495449e-01 1.239275267726936275e-01
1.763716417172767059e-02 1.995631214757000171e-01 1.328049854927429718e-01
2.033221370612694687e-02 2.079504945969713192e-01 1.425910716213569518e-01
2.269492476274416817e-02 2.165768168067048749e-01 1.506483480252742979e-01
2.512555714371356164e-02 2.243289689900192230e-01 1.585104322866907056e-01
2.763545609971485711e-02 2.331347392402620955e-01 1.662391533295175805e-01
3.023689810438909276e-02 2.408607813979374290e-01 1.738876019283407404e-01
3.294243008476127610e-02 2.498168274268668942e-01 1.815004961005927397e-01
3.528190333605699808e-02 2.575164019351485756e-01 1.878347766949906295e-01
3.770402095545524745e-02 2.640694340805557760e-01 1.941752326004921869e-01
4.021166583815931339e-02 2.718143790174187835e-01 2.005284664035490716e-01
4.281028232253699523e-02 2.795630833606701504e-01 2.069064579043800589e-01
4.550168713128820153e-02 2.873152429442701883e-01 2.133112447370935083e-01
4.772541517893173768e-02 2.942420247697887792e-01 2.184614729853567028e-01
5.001138045869777532e-02 3.014147144353191421e-01 2.236322437813871578e-01
5.295962903612899675e-02 3.098028134202867601e-01 2.301295918306226762e-01
5.539263854461116271e-02 3.170084932073981565e-01 2.353564074857771304e-01
5.789050039267874814e-02 3.204553797186512898e-01 2.406044479902205435e-01
6.045391403328729402e-02 3.270536826396012176e-01 2.458737766279423531e-01
6.308315689542047522e-02 3.338872757243453449e-01 2.511636058337681776e-01
6.509803420146027808e-02 3.409420113129577601e-01 2.551431641284168661e-01
6.784081317046557202e-02 3.482044484072898682e-01 2.604626905536867598e-01
7.064548626774896922e-02 3.513454190901383889e-01 2.657921862428407889e-01
7.278820246948049244e-02 3.572030153016978460e-01 2.697928881002620294e-01
7.569522984719463665e-02 3.649783945874399138e-01 2.751276609997523326e-01
7.791117251747774197e-02 3.716073748132899812e-01 2.791257288704818706e-01
8.015567499212510050e-02 3.735731317501634896e-01 2.831177758321174465e-01
8.318828871615943643e-02 3.813348394333056501e-01 2.884238005369172408e-01
8.548951081167123489e-02 3.876842429937345513e-01 2.923858936605376324e-01
8.781082538901030521e-02 3.900386223864567570e-01 2.963289141967255236e-01
9.014960029780512418e-02 3.960945204627615013e-01 3.002492303034349774e-01
9.250269181850642730e-02 4.028175305155238806e-01 3.041425518050810961e-01
9.565641105374776687e-02 4.101748507686996392e-01 3.092837064149157045e-01
9.803058144462258039e-02 4.124008521943486327e-01 3.130983574607547615e-01
1.000000000000000056e-01 4.184248387740921449e-01 3.162277660168379412e-01
