# time  measured_R_shock  Sedov_R_2D_xi_equals_1
1.461406454903160714e-04 0.000000000000000000e+00 1.208886452444215588e-02
2.597225379020261671e-03 7.513821899090368517e-02 5.096298047622668109e-02
5.014217975438622736e-03 9.835686181261071859e-02 7.081114301745611295e-02
7.661051768267744880e-03 1.165346397670023321e-01 8.752743437498751444e-02
1.028260684439077574e-02 1.367745421875906087e-01 1.014031895178390125e-01
1.261723417224543814e-02 1.470950811231463429e-01 1.123264624754355817e-01
1.518253382692520345e-02 1.613427845942451699e-01 1.232174250133689641e-01
1.751076429705548249e-02 1.716084580975687224e-01 1.323282445173949995e-01
2.036613615045161987e-02 1.846297234077574068e-01 1.427099721478902739e-01
2.292702813157386499e-02 1.946081047981429724e-01 1.514167366296535477e-01
2.513810324091354451e-02 2.022969902535008135e-01 1.585500023365296052e-01
2.788096064681076444e-02 2.114432594175680857e-01 1.669759283454078092e-01
3.023933674413107828e-02 2.207636117335123604e-01 1.738946139020156045e-01
3.266212140849726608e-02 2.305018514364363946e-01 1.807266483075953833e-01
3.514788395147555589e-02 2.383132662917131772e-01 1.874776892098778680e-01
3.769528805852888353e-02 2.461247500316150749e-01 1.941527441436995960e-01
4.030308407677162669e-02 2.539362962991407180e-01 2.007562802922280287e-01
4.297010385309914943e-02 2.617478994961086602e-01 2.072923149880360472e-01
4.514562540173949062e-02 2.665997739179930548e-01 2.124749994746193416e-01
4.791654966659331799e-02 2.742732762740930919e-01 2.188984916955649396e-01
5.017390839049595819e-02 2.806525772919696293e-01 2.239953311801296254e-01
5.304562717317086451e-02 2.873152429442701883e-01 2.303163632336418798e-01
5.538249575196607655e-02 2.942420247697887792e-01 2.353348587692993543e-01
5.775403511503993809e-02 2.987706746245772371e-01 2.403206922323584127e-01
6.015987087441314329e-02 3.050378594586662384e-01 2.452750922421866042e-01
6.259965299596337296e-02 3.115708844157697999e-01 2.501992266094429374e-01
6.507305501221306854e-02 3.175855722527788361e-01 2.550942081118524052e-01
6.757977329975960179e-02 3.217858644784214461e-01 2.599610995894570675e-01
7.011952641210411619e-02 3.281714996813784868e-01 2.648009184502654323e-01
7.269205443654326582e-02 3.348000365190018646e-01 2.696146406197987844e-01
7.529711843173636510e-02 3.404045301411616209e-01 2.744032041207543071e-01
7.793449990554118800e-02 3.448579445991131753e-01 2.791675122673503151e-01
8.060398647792257898e-02 3.513454190901383889e-01 2.839084121295503138e-01
8.262690259447799668e-02 3.560049184395139843e-01 2.874489565026771554e-01
8.535162490584810580e-02 3.602655406302759378e-01 2.921500041174877604e-01
8.810763119904983787e-02 3.668133066740150161e-01 2.968292963961775555e-01
9.019508024718118910e-02 3.716073748132899812e-01 3.003249577494038203e-01
9.300550397355489274e-02 3.761781622657341395e-01 3.049680376261664771e-01
9.513363032999920532e-02 3.813348394333056501e-01 3.084374009908642522e-01
9.799813430107601198e-02 3.868962660754494687e-01 3.130465369574881862e-01
1.000000000000000056e-01 3.900386223864567570e-01 3.162277660168379412e-01
