# time thermal kinetic hydro gravitational total
1.461406454903160714e-04 9.949718326444502159e-01 5.043176456863890378e-03 1.000015009101314023e+00 -2.958373712170535756e-08 1.000014979517577007e+00
2.587492710372923076e-03 8.520123953877530854e-01 1.480366250921656412e-01 1.000049020479919060e+00 -3.511859097358117270e-05 1.000013901888945567e+00
5.169656597477755543e-03 8.160831334142948368e-01 1.841101199933756205e-01 1.000193253407670291e+00 -1.675722968957716946e-04 1.000025681110774611e+00
7.570998918004018079e-03 8.051668309993097461e-01 1.952646281836004638e-01 1.000431459182910210e+00 -3.814125380106866471e-04 1.000050046644899604e+00
1.011919718192345365e-02 7.988315267088970106e-01 2.019611010883551327e-01 1.000792627797252088e+00 -7.042628834209633225e-04 1.000088364913831018e+00
1.266783889352743331e-02 7.945669971868415393e-01 2.066982958586333352e-01 1.001265293045474847e+00 -1.126844173453740629e-03 1.000138448872021080e+00
1.510602205490891269e-02 7.915117982669692687e-01 2.103102780778506042e-01 1.001822076344819790e+00 -1.625321157483523935e-03 1.000196755187336306e+00
1.765333095918807105e-02 7.889942598016799202e-01 2.135193140526572830e-01 1.002513573854337148e+00 -2.245484701487825575e-03 1.000268089152849260e+00
2.029358171143955808e-02 7.868914243219471416e-01 2.164579997169637504e-01 1.003349424038911142e+00 -2.996522996751973221e-03 1.000352901042159237e+00
2.271040815867722551e-02 7.853030407693439852e-01 2.189185028299230618e-01 1.004221543599267186e+00 -3.781547018047373178e-03 1.000439996581219848e+00
2.518806770475591136e-02 7.839369647207595770e-01 2.212855649947759185e-01 1.005222529715535495e+00 -4.684039663208342495e-03 1.000538490052327090e+00
2.772287716687539538e-02 7.827639939297503791e-01 2.235954588892790917e-01 1.006359452819029610e+00 -5.710722421737823157e-03 1.000648730397291741e+00
3.031174368875116237e-02 7.817627770651585095e-01 2.258766078721007875e-01 1.007639384937259130e+00 -6.868301450304779843e-03 1.000771083486954316e+00
3.261919331804392919e-02 7.810145668862703561e-01 2.278676229274192444e-01 1.008882189813689489e+00 -7.993836856763841120e-03 1.000888352956925686e+00
3.530155392439070228e-02 7.802944281120349768e-01 2.301544366925484253e-01 1.010448864804583513e+00 -9.414528145939782960e-03 1.001034336658643831e+00
3.768636447107551191e-02 7.797748827297440455e-01 2.321779951039076306e-01 1.011952877833651510e+00 -1.078009945922896867e-02 1.001172778374422645e+00
4.010509811790977097e-02 7.793526685585449032e-01 2.342335337217445468e-01 1.013586202280289505e+00 -1.226473574898684013e-02 1.001321466531302606e+00
4.255662716077637797e-02 7.790233813199328727e-01 2.363303301242382359e-01 1.015353711444170859e+00 -1.387305612626407031e-02 1.001480655317906754e+00
4.503992785036837337e-02 7.787834750879774059e-01 2.384769056324585190e-01 1.017260380720435897e+00 -1.560978471160185191e-02 1.001650596008833993e+00
4.755406721630837247e-02 7.786301294243145321e-01 2.406811746531805074e-01 1.019311304077495040e+00 -1.747975768722868223e-02 1.001831546390266281e+00
5.009817740567006766e-02 7.785610747142047705e-01 2.429506224085135058e-01 1.021511697122718276e+00 -1.948792531793423766e-02 1.002023771804783969e+00
5.267148123309438323e-02 7.785745339293668188e-01 2.452924082866989597e-01 1.023866942216065778e+00 -2.163938781486917859e-02 1.002227554401196707e+00
5.527328633230004645e-02 7.786691694073650805e-01 2.477134421399064257e-01 1.026382611547271395e+00 -2.393942340007990804e-02 1.002443188147191577e+00
5.752561006351059741e-02 7.788141678226958575e-01 2.498567821139450196e-01 1.028670949936640877e+00 -2.603327167821656990e-02 1.002637678258424314e+00
6.017871644844210305e-02 7.790573738762213152e-01 2.524426383583663336e-01 1.031500012234587871e+00 -2.862388417380635694e-02 1.002876128060781413e+00
6.285867195256422679e-02 7.793800284867123951e-01 2.551265326703515135e-01 1.034506561157063853e+00 -3.137923372114131970e-02 1.003127327435922478e+00
6.517678404553335636e-02 7.797198043469183437e-01 2.575099341573832690e-01 1.037229738504301668e+00 -3.387669338408232089e-02 1.003353045120219278e+00
6.751399811364049153e-02 7.801180336790703995e-01 2.599742140693528381e-01 1.040092247748423127e+00 -3.650364647102508769e-02 1.003588601277398018e+00
7.026455765094426209e-02 7.806569365226434520e-01 2.629568397129767310e-01 1.043613776235620128e+00 -3.973760864416790023e-02 1.003876167591452262e+00
7.264232855708722958e-02 7.811830357444871087e-01 2.656103367054097886e-01 1.046793372449896786e+00 -4.265951475328795539e-02 1.004133857696608789e+00
7.503848095743853586e-02 7.817689121216482295e-01 2.683577997874772580e-01 1.050126711909125321e+00 -4.572455307833704630e-02 1.004402158830788316e+00
7.785697696737876872e-02 7.825289244782196452e-01 2.716875843740137464e-01 1.054216508852233503e+00 -4.948756811461878236e-02 1.004728940737614762e+00
8.029234129529271013e-02 7.832468487131227786e-01 2.746532859441243035e-01 1.057900134657247193e+00 -5.287897839153854473e-02 1.005021156265708537e+00
8.274555896910194830e-02 7.840270755565215133e-01 2.777267391474785851e-01 1.061753814704000209e+00 -5.642895687083544082e-02 1.005324857833164831e+00
8.521649869958172752e-02 7.848706705558705643e-01 2.809124825576303497e-01 1.065783153113500914e+00 -6.014280397613470941e-02 1.005640349137366218e+00
8.770504362333515769e-02 7.857787740316536373e-01 2.842152170048256599e-01 1.069993991036479297e+00 -6.402604626096550233e-02 1.005967944775513878e+00
9.021109452266563855e-02 7.867526274737990377e-01 2.876397984886639447e-01 1.074392425962462871e+00 -6.808445768898330197e-02 1.006307968273479680e+00
9.273456512747832448e-02 7.877936513475902736e-01 2.911911675949124811e-01 1.078984818942502866e+00 -7.232405646877235195e-02 1.006660762473730486e+00
9.527538189260864598e-02 7.889033122939126397e-01 2.948744974472368163e-01 1.083777809741149678e+00 -7.675111838508448525e-02 1.007026691356065262e+00
9.783348432766576785e-02 7.900832074227348567e-01 2.986951249549095744e-01 1.088778332377644320e+00 -8.137221181374927614e-02 1.007406120563895113e+00
1.004088247110509341e-01 7.913350923559744343e-01 3.026585401879026138e-01 1.093993632543877048e+00 -8.619418317601416912e-02 1.007799449367862810e+00
1.025680837168986836e-01 7.924345757339872343e-01 3.060746599763168874e-01 1.098509235710304122e+00 -9.037109453590978780e-02 1.008138141174394375e+00
1.051749438590508096e-01 7.938232357791239480e-01 3.103149772709663523e-01 1.104138213050090300e+00 -9.558019644233442524e-02 1.008558016607755903e+00
1.077989726543700788e-01 7.952893656340103146e-01 3.147149711623900004e-01 1.110004336796400315e+00 -1.010113527115675813e-01 1.008992984084832845e+00
1.104401680108696437e-01 7.968351974275023064e-01 3.192810108019418225e-01 1.116116208229444018e+00 -1.066727104198236242e-01 1.009443497809620283e+00
1.126542838019168602e-01 7.981859863913638442e-01 3.232176548658206028e-01 1.121403641257184614e+00 -1.115724877269432258e-01 1.009831153530241332e+00
1.153269830890372161e-01 7.998840791332904043e-01 3.281056584273462362e-01 1.127989737560636474e+00 -1.176782892699587968e-01 1.010311448290677649e+00
1.175673859716122177e-01 8.013652720101180904e-01 3.323205107811038062e-01 1.133685782791221897e+00 -1.229611371085702481e-01 1.010724645682651746e+00
1.202716873625839095e-01 8.032243651842208010e-01 3.375546787757399692e-01 1.140779043959960770e+00 -1.295425800707400987e-01 1.011236463889220616e+00
1.225384864940674834e-01 8.048436673483436721e-01 3.420686769834740959e-01 1.146912344331817657e+00 -1.352356590682804172e-01 1.011676685263537268e+00
1.252745534277560913e-01 8.068734732147617716e-01 3.476751737491383665e-01 1.154548646963900360e+00 -1.423267283843040465e-01 1.012221918579596203e+00
1.275679119546817009e-01 8.086393529419330095e-01 3.525110621989622217e-01 1.161150415140895120e+00 -1.484595758876413041e-01 1.012690839253253872e+00
1.303359740216284146e-01 8.108505758265540653e-01 3.585183042089026273e-01 1.169368880035456471e+00 -1.560973263037991887e-01 1.013271553731657226e+00
1.326561116953413610e-01 8.127724374011007225e-01 3.637007367089059029e-01 1.176473174110006514e+00 -1.627022368655866580e-01 1.013770937244419912e+00
1.354564629362475237e-01 8.151769556719147269e-01 3.701395444101329701e-01 1.185316500082047586e+00 -1.709271385041908620e-01 1.014389361577856752e+00
1.378036486457513421e-01 8.172652711704044837e-01 3.756952263749711030e-01 1.192960497545375587e+00 -1.780393272404027227e-01 1.014921170304972975e+00
1.401632317074059941e-01 8.194335904340264154e-01 3.814294340753665580e-01 1.200863024509393195e+00 -1.853945978412918916e-01 1.015468426668101332e+00
1.425352833078960824e-01 8.216883232548601868e-01 3.873444871781470122e-01 1.209032810433007255e+00 -1.930012210060338407e-01 1.016031589426973358e+00
1.453983112911919340e-01 8.245355052134375473e-01 3.946666103956233407e-01 1.219202115609061110e+00 -2.024729014913002056e-01 1.016729214117760849e+00
1.477980688262169329e-01 8.270800994729485822e-01 4.009120553221455774e-01 1.227992154795094049e+00 -2.106625477639793020e-01 1.017329607031114858e+00
1.502105562907387615e-01 8.298682601217386434e-01 4.072109857736305738e-01 1.237079245895368995e+00 -2.191308958129276896e-01 1.017948350082441333e+00
1.526358659756304748e-01 8.330139700626335575e-01 4.134587804688318879e-01 1.246472750531465445e+00 -2.278860355000293103e-01 1.018586715031436052e+00
1.550740952756149982e-01 8.366489423615572907e-01 4.195326166592592276e-01 1.256181559020816518e+00 -2.369351961666413264e-01 1.019246362854175247e+00
1.575253467362887627e-01 8.409067314760427791e-01 4.253069750685857242e-01 1.266213706544628614e+00 -2.462842182272198255e-01 1.019929488317408817e+00
1.604841898358028984e-01 8.470139220442719497e-01 4.316746222881999717e-01 1.278688544332471810e+00 -2.579047279108028778e-01 1.020783816421668933e+00
1.629644767914037451e-01 8.530570647468844747e-01 4.363966156163563981e-01 1.289453680363240817e+00 -2.679256964143412745e-01 1.021527983948899543e+00
1.654581493980387119e-01 8.600498998213415014e-01 4.405080213260531563e-01 1.300557921147394547e+00 -2.782529976230866953e-01 1.022304923524307796e+00
1.679653325481353932e-01 8.680410772795814633e-01 4.439611192621438773e-01 1.312002196541725230e+00 -2.888840572602208168e-01 1.023118139281504302e+00
1.704861566545444462e-01 8.770533046505881725e-01 4.467320869288833318e-01 1.323785391579471504e+00 -2.998143132893402729e-01 1.023971078290131231e+00
1.725127286413389582e-01 8.849982286723176994e-01 4.484557255184559166e-01 1.333453954190773505e+00 -3.087697609327661463e-01 1.024684193258007303e+00
1.750584530591486054e-01 8.958314183972585498e-01 4.500067590977000487e-01 1.345838177494958599e+00 -3.202214310491514060e-01 1.025616746445807248e+00
1.776182137114082349e-01 9.076328831460367397e-01 4.509153126380952559e-01 1.358548195784131885e+00 -3.319503249352763752e-01 1.026597870848855454e+00
1.801921628367016415e-01 9.203535287291066957e-01 4.512228381851100534e-01 1.371576366914216472e+00 -3.439462816098901587e-01 1.027630085304326313e+00
1.827804586800639841e-01 9.339324624864717705e-01 4.509814834143309192e-01 1.384913945900802634e+00 -3.561985130194529336e-01 1.028715432881349701e+00
1.853832656161666093e-01 9.482997573276041869e-01 4.502516504538317532e-01 1.398551407781435829e+00 -3.686957734228187844e-01 1.029855634358617156e+00
1.880007542912484619e-01 9.633807120079882491e-01 4.490980713258106993e-01 1.412478783333798837e+00 -3.814270134068473705e-01 1.031051769926951467e+00
1.901054311470536107e-01 9.759065095133216960e-01 4.479161210144687599e-01 1.423822630527790345e+00 -3.917732840573943109e-01 1.032049346470396145e+00
1.927496321297020032e-01 9.920710040078039027e-01 4.461747198688337801e-01 1.438245723876637516e+00 -4.048984554318144635e-01 1.033347268444823053e+00
1.954087761319293071e-01 1.008723694640300206e+00 4.442062640757667991e-01 1.452929958716067116e+00 -4.182285261275313637e-01 1.034701432588535752e+00
1.975469752442000904e-01 1.022343971201444379e+00 4.425155405335228220e-01 1.464859511734967423e+00 -4.290347484078235740e-01 1.035824763327143794e+00
2.000000000000000111e-01 1.038162631597071339e+00 4.405086913948236815e-01 1.478671322991895298e+00 -4.415213763715247208e-01 1.037149946620370633e+00
