# time  measured_R_shock  Sedov_R_2D_xi_equals_1
1.461406454903160714e-04 0.000000000000000000e+00 1.208886452444215588e-02
2.587492710372923076e-03 8.432434822235508609e-02 5.086740322026398614e-02
5.169656597477755543e-03 1.138857791961972732e-01 7.190032404292595603e-02
7.570998918004018079e-03 1.367745421875906087e-01 8.701148727612934008e-02
1.011919718192345365e-02 1.535906504010742246e-01 1.005942204200790807e-01
1.266783889352743331e-02 1.691004751711981391e-01 1.125514944082371266e-01
1.510602205490891269e-02 1.839673724893221285e-01 1.229065582257875822e-01
1.765333095918807105e-02 1.933495104806965958e-01 1.328658381947296074e-01
2.029358171143955808e-02 2.079504945969713192e-01 1.424555429298542952e-01
2.271040815867722551e-02 2.165768168067048749e-01 1.506997284625198885e-01
2.518806770475591136e-02 2.307664919959676597e-01 1.587074910165109654e-01
2.772287716687539538e-02 2.390803710640524438e-01 1.665018833733582504e-01
3.031174368875116237e-02 2.476081873709449765e-01 1.741026814519269772e-01
3.261919331804392919e-02 2.553743613856430117e-01 1.806078440102863725e-01
3.530155392439070228e-02 2.631432780171764074e-01 1.878870775875517707e-01
3.768636447107551191e-02 2.709147013187453434e-01 1.941297619405008001e-01
4.010509811790977097e-02 2.786884215896401340e-01 2.002625729334110150e-01
4.255662716077637797e-02 2.864642518327984999e-01 2.062925766012349282e-01
4.503992785036837337e-02 2.942420247697887792e-01 2.122261243352673854e-01
4.755406721630837247e-02 3.020215903137141722e-01 2.180689506011994627e-01
5.009817740567006766e-02 3.092112097994265674e-01 2.238262214434896535e-01
5.267148123309438323e-02 3.170084932073981565e-01 2.295026824093661377e-01
5.527328633230004645e-02 3.244304655132205784e-01 2.351027144298849791e-01
5.752561006351059741e-02 3.320542271461470185e-01 2.398449708947648640e-01
6.017871644844210305e-02 3.338872757243453449e-01 2.453135064533587817e-01
6.285867195256422679e-02 3.409420113129577601e-01 2.507163176830822793e-01
6.517678404553335636e-02 3.482044484072898682e-01 2.552974423011976635e-01
6.751399811364049153e-02 3.556618637528136673e-01 2.598345591210693972e-01
7.026455765094426209e-02 3.572030153016978460e-01 2.650746265694705617e-01
7.264232855708722958e-02 3.643088624582512258e-01 2.695224082652261099e-01
7.503848095743853586e-02 3.716073748132899812e-01 2.739315260378741845e-01
7.785697696737876872e-02 3.790874244691124217e-01 2.790286310889596999e-01
8.029234129529271013e-02 3.805337149361735505e-01 2.833590324928653148e-01
8.274555896910194830e-02 3.876842429937345513e-01 2.876552780136355514e-01
8.521649869958172752e-02 3.947052524709102617e-01 2.919186508251600531e-01
8.770504362333515769e-02 3.960945204627615013e-01 2.961503733297244367e-01
9.021109452266563855e-02 4.032718361454528666e-01 3.003516181455755940e-01
9.273456512747832448e-02 4.101748507686996392e-01 3.045235050492463014e-01
9.527538189260864598e-02 4.116601891464913288e-01 3.086671052972905227e-01
9.783348432766576785e-02 4.184248387740921449e-01 3.127834463773071505e-01
1.004088247110509341e-01 4.257991682009548140e-01 3.168735153196791110e-01
1.025680837168986836e-01 4.266583569035358736e-01 3.202625231226699509e-01
1.051749438590508096e-01 4.337520825778534705e-01 3.243068668083530226e-01
1.077989726543700788e-01 4.357176304851859139e-01 3.283275386780251104e-01
1.104401680108696437e-01 4.422523693584071713e-01 3.323253947727582980e-01
1.126542838019168602e-01 4.434927181089053927e-01 3.356401105379344663e-01
1.153269830890372161e-01 4.505923293461895907e-01 3.395982672055869456e-01
1.175673859716122177e-01 4.571814656983865799e-01 3.428810084732197838e-01
1.202716873625839095e-01 4.590467045444558969e-01 3.468020867333181378e-01
1.225384864940674834e-01 4.652538894416950455e-01 3.500549763880917431e-01
1.252745534277560913e-01 4.668254763727285872e-01 3.539414548025648921e-01
1.275679119546817009e-01 4.734465242539277474e-01 3.571665045251047887e-01
1.303359740216284146e-01 4.804846288026548562e-01 3.610207390464271193e-01
1.326561116953413610e-01 4.817532372912765593e-01 3.642198672441432916e-01
1.354564629362475237e-01 4.884218547558298873e-01 3.680441046073792410e-01
1.378036486457513421e-01 4.901682288542628663e-01 3.712191383074845419e-01
1.401632317074059941e-01 4.964780745567975440e-01 3.743838026776879491e-01
1.425352833078960824e-01 4.979511243742953952e-01 3.775384527540156521e-01
1.453983112911919340e-01 5.005185299548109423e-01 3.813113049611719929e-01
1.477980688262169329e-01 5.028301251572194763e-01 3.844451441053937102e-01
1.502105562907387615e-01 5.056142323482647472e-01 3.875700662986484302e-01
1.526358659756304748e-01 5.088630959213146232e-01 3.906864036226887493e-01
1.550740952756149982e-01 5.106590889019062551e-01 3.937944835515284625e-01
1.575253467362887627e-01 5.125678785079348376e-01 3.968946292610782689e-01
1.604841898358028984e-01 5.167187736241301010e-01 4.006047800960478855e-01
1.629644767914037451e-01 5.189582131088446015e-01 4.036885888793535493e-01
1.654581493980387119e-01 5.237580641533120529e-01 4.067654722294392622e-01
1.679653325481353932e-01 5.263155485453807625e-01 4.098357384954798843e-01
1.704861566545444462e-01 5.289760616777710034e-01 4.128996932119766705e-01
1.725127286413389582e-01 5.317380570620510172e-01 4.153465163466993348e-01
1.750584530591486054e-01 5.345999617850949459e-01 4.183998722025959460e-01
1.776182137114082349e-01 5.375601801339315866e-01 4.214477591723655436e-01
1.801921628367016415e-01 5.406170971243187129e-01 4.244904743768718181e-01
1.827804586800639841e-01 5.437690819209244353e-01 4.275283133080942100e-01
1.853832656161666093e-01 5.503516720158347919e-01 4.305615700642204668e-01
1.880007542912484619e-01 5.537789654529368111e-01 4.335905375942243345e-01
1.901054311470536107e-01 5.539993530710347613e-01 4.360108154014686876e-01
1.927496321297020032e-01 5.577326185800189906e-01 4.390326094149522573e-01
1.954087761319293071e-01 5.615497616112262724e-01 4.420506488310240178e-01
1.975469752442000904e-01 5.654490834864134285e-01 4.444625690023852882e-01
2.000000000000000111e-01 5.694288959809863382e-01 4.472135954999579832e-01
