# time  measured_R_shock  Sedov_R_2D_xi_equals_1
1.461406454903160714e-04 0.000000000000000000e+00 1.208886452444215588e-02
2.587492710372923076e-03 8.432434822235508609e-02 5.086740322026398614e-02
5.169656597477755543e-03 1.138857791961972732e-01 7.190032404292595603e-02
7.570998918004018079e-03 1.367745421875906087e-01 8.701148727612934008e-02
1.011919718192345365e-02 1.535906504010742246e-01 1.005942204200790807e-01
1.266783889352743331e-02 1.691004751711981391e-01 1.125514944082371266e-01
1.510602205490891269e-02 1.839673724893221285e-01 1.229065582257875822e-01
1.765333095918807105e-02 1.933495104806965958e-01 1.328658381947296074e-01
2.029358171143955808e-02 2.079504945969713192e-01 1.424555429298542952e-01
2.271040815867722551e-02 2.165768168067048749e-01 1.506997284625198885e-01
2.518806770475591136e-02 2.307664919959676597e-01 1.587074910165109654e-01
2.772287716687539538e-02 2.390803710640524438e-01 1.665018833733582504e-01
3.031174368875116237e-02 2.476081873709449765e-01 1.741026814519269772e-01
3.261919331804392919e-02 2.553743613856430117e-01 1.806078440102863725e-01
3.530155392439070228e-02 2.631432780171764074e-01 1.878870775875517707e-01
3.768636447107551191e-02 2.709147013187453434e-01 1.941297619405008001e-01
4.010509811790977097e-02 2.786884215896401340e-01 2.002625729334110150e-01
4.255662716077637797e-02 2.864642518327984999e-01 2.062925766012349282e-01
4.503992785036837337e-02 2.942420247697887792e-01 2.122261243352673854e-01
4.755406721630837247e-02 3.020215903137141722e-01 2.180689506011994627e-01
5.009817740567006766e-02 3.092112097994265674e-01 2.238262214434896535e-01
5.267148123309438323e-02 3.170084932073981565e-01 2.295026824093661377e-01
5.527328633230004645e-02 3.244304655132205784e-01 2.351027144298849791e-01
5.752561006351059741e-02 3.320542271461470185e-01 2.398449708947648640e-01
6.017871644844210305e-02 3.338872757243453449e-01 2.453135064533587817e-01
6.285867195256422679e-02 3.409420113129577601e-01 2.507163176830822793e-01
6.517678404553335636e-02 3.482044484072898682e-01 2.552974423011976635e-01
6.751399811364049153e-02 3.556618637528136673e-01 2.598345591210693972e-01
7.026455765094426209e-02 3.572030153016978460e-01 2.650746265694705617e-01
7.264232855708722958e-02 3.643088624582512258e-01 2.695224082652261099e-01
7.503848095743853586e-02 3.716073748132899812e-01 2.739315260378741845e-01
7.785697696737876872e-02 3.790874244691124217e-01 2.790286310889596999e-01
8.029234129529271013e-02 3.805337149361735505e-01 2.833590324928653148e-01
8.274555896910194830e-02 3.876842429937345513e-01 2.876552780136355514e-01
8.521649869958172752e-02 3.947052524709102617e-01 2.919186508251600531e-01
8.770504362333515769e-02 3.960945204627615013e-01 2.961503733297244367e-01
9.021109452266563855e-02 4.032718361454528666e-01 3.003516181455755940e-01
9.273456512747832448e-02 4.101748507686996392e-01 3.045235050492463014e-01
9.527538189260864598e-02 4.116601891464913288e-01 3.086671052972905227e-01
9.783348432766576785e-02 4.184248387740921449e-01 3.127834463773071505e-01
1.000000000000000056e-01 4.201716190476517676e-01 3.162277660168379412e-01
