# time  measured_R_shock  Sedov_R_2D_xi_equals_1
6.946855794787417456e-05 0.000000000000000000e+00 8.334780017965332313e-03
2.508784930473527668e-03 6.861003152441522146e-02 5.008777226503019486e-02
5.034206662574847689e-03 9.198368624466106425e-02 7.095214346709229070e-02
7.556789225503219784e-03 1.095492473623449897e-01 8.692979480881811438e-02
1.002347108694455133e-02 1.249084137134334471e-01 1.001172866539268153e-01
1.264246286404607268e-02 1.397815416803350752e-01 1.124387071432523810e-01
1.510238637572842990e-02 1.519174725205473253e-01 1.228917669159672738e-01
1.752042968228869138e-02 1.635268413198006088e-01 1.323647599714088963e-01
2.004299720796125228e-02 1.743649540677003340e-01 1.415732927072096137e-01
2.266582117637389385e-02 1.846503835906014301e-01 1.505517225951729099e-01
2.501686066223252070e-02 1.938421214968672757e-01 1.581671921171787232e-01
2.762674424394269412e-02 2.027678651288370437e-01 1.662129484845951966e-01
3.012030410265988112e-02 2.116055682251916648e-01 1.735520213153966262e-01
3.267934723163001820e-02 2.199499732272233166e-01 1.807742991457303994e-01
3.509812618921410304e-02 2.276542928450532299e-01 1.873449390541791493e-01
3.756992207630640429e-02 2.347815484408458664e-01 1.938296212561599341e-01
4.009357579275386191e-02 2.425180455995104845e-01 2.002338028224851518e-01
4.266802506761661201e-02 2.497710132942396744e-01 2.065623999367179331e-01
4.507172527666523237e-02 2.567598063259342034e-01 2.123010251427562833e-01
4.751659556163715520e-02 2.629837664681629050e-01 2.179830166816606740e-01
5.000199532357203075e-02 2.696868889405012459e-01 2.236112593846115715e-01
5.252733177473406512e-02 2.765586378614510732e-01 2.291884198094093494e-01
5.509205667196616363e-02 2.828864069521214164e-01 2.347169714186985723e-01
5.769566348006785472e-02 2.894976665290779905e-01 2.401992162353321636e-01
6.009592532321102881e-02 2.952386026920111872e-01 2.451447028251090565e-01
6.252760989340151732e-02 3.006670846647189199e-01 2.500552136896999622e-01
6.523839844004686306e-02 3.073923409415583730e-01 2.554180855774447201e-01
6.773512072674084394e-02 3.127562425998180462e-01 2.602597178334381534e-01
7.000831126120345138e-02 3.179817065849169788e-01 2.645908374475643976e-01
7.256290974809993799e-02 3.235945610504080139e-01 2.693750354953107773e-01
7.514765124181298217e-02 3.292507659740995241e-01 2.741307192596498798e-01
7.776234238003811028e-02 3.349481252105036555e-01 2.788590008947857135e-01
8.014102710161846721e-02 3.399223149129536603e-01 2.830919057507975678e-01
8.254371594682377578e-02 3.447362449950414631e-01 2.873042219439592149e-01
8.524139977824141123e-02 3.505301683532834889e-01 2.919612984253930343e-01
8.769444402652648574e-02 3.554580183819620043e-01 2.961324771559621927e-01
9.017121420400547871e-02 3.602337735166307731e-01 3.002852214212439197e-01
9.267164459670486354e-02 3.654901761301612151e-01 3.044201777095350003e-01
9.519568073432356503e-02 3.703013744373037652e-01 3.085379729212006650e-01
9.774327925923666227e-02 3.752948873105071415e-01 3.126392158051140013e-01
1.000000000000000056e-01 3.796203805129293452e-01 3.162277660168379412e-01
