# time  measured_R_shock  Sedov_R_2D_xi_equals_1
6.946855794787417456e-05 0.000000000000000000e+00 8.334780017965332313e-03
2.523571452176602645e-03 7.639690318596853436e-02 5.023516151239689614e-02
5.087935583709359520e-03 1.011484951267504068e-01 7.132976646330309312e-02
7.553421610013965823e-03 1.204303906989687145e-01 8.691042290780758017e-02
1.005223455090247138e-02 1.390153097599550469e-01 1.002608325863219157e-01
1.257593090430521830e-02 1.543092360554975118e-01 1.121424580803596360e-01
1.507758188565283888e-02 1.663026012297500189e-01 1.227908053791196413e-01
1.754379975500094252e-02 1.782594407672599135e-01 1.324530096109595434e-01
2.010040779854952234e-02 1.897046493998137406e-01 1.417759069748789347e-01
2.259206316233193512e-02 1.984321172990432258e-01 1.503065639362830275e-01
2.500017519901121671e-02 2.092124193870460724e-01 1.581144370353675666e-01
2.762091320122454091e-02 2.178588152425929569e-01 1.661954066790792550e-01
3.014227491278122922e-02 2.260399415496766873e-01 1.736153072536555653e-01
3.255163750247004606e-02 2.363361956266565034e-01 1.804207235947967447e-01
3.500299168906791797e-02 2.441484373750039960e-01 1.870908647932012780e-01
3.766200134725179033e-02 2.520212480578894465e-01 1.940670022112254700e-01
4.002457387274577227e-02 2.571161286525628364e-01 2.000614252492113332e-01
4.259171847434951169e-02 2.648915655582605444e-01 2.063776113689406722e-01
4.502002230285106349e-02 2.723331493562273775e-01 2.121792221280185964e-01
4.765527187873037918e-02 2.798494860872202117e-01 2.183008746632280062e-01
5.014518310053493744e-02 2.871691583166292028e-01 2.239312017127915444e-01
5.266359072007504444e-02 2.921211697772539972e-01 2.294854913062589208e-01
5.502700634683759667e-02 2.991407168157341201e-01 2.345783586498072504e-01
5.759842291916050794e-02 3.041486621561999559e-01 2.399967143924277013e-01
6.000999166452049977e-02 3.110439712496952391e-01 2.449693688290854598e-01
6.263221630747030366e-02 3.183653661246088618e-01 2.502642929134524241e-01
6.509007476138108095e-02 3.229809768791054303e-01 2.551275656634952593e-01
6.756965160835107231e-02 3.278574988478702434e-01 2.599416311565945770e-01
7.007062024778289155e-02 3.344466373319610053e-01 2.647085571865460119e-01
7.259268308169185280e-02 3.391583425889097003e-01 2.694302935486131423e-01
7.513556958991526868e-02 3.458410300505222468e-01 2.741086820768639520e-01
7.750111957346056402e-02 3.502688873665933400e-01 2.783902289475342906e-01
8.008338314701637928e-02 3.550714641151922479e-01 2.829900760574765584e-01
8.268581937126408266e-02 3.615866895808406700e-01 2.875514203951426984e-01
8.510581743913128716e-02 3.661158730778156789e-01 2.917290137081522405e-01
8.754272519764005889e-02 3.706308790901754469e-01 2.958761991063831309e-01
9.020166137078866608e-02 3.770796015152586556e-01 3.003359142207083221e-01
9.267345406787842743e-02 3.814648632502490866e-01 3.044231496911468660e-01
9.516184216490529424e-02 3.858793763164938273e-01 3.084831310864587506e-01
9.766670658091322621e-02 3.904394090366727355e-01 3.125167300816281690e-01
1.000000000000000056e-01 3.964891856235252532e-01 3.162277660168379412e-01
