# time thermal kinetic hydro gravitational total
1.461406454903160714e-04 9.949718353632054368e-01 5.043164636795043065e-03 1.000015000000000320e+00 0.000000000000000000e+00 1.000015000000000320e+00
2.587512661855328935e-03 8.520095586858378311e-01 1.480054413141625169e-01 1.000015000000000098e+00 0.000000000000000000e+00 1.000015000000000098e+00
5.169800253624535005e-03 8.160502932410025334e-01 1.839647067589982032e-01 1.000015000000000542e+00 0.000000000000000000e+00 1.000015000000000542e+00
7.571361946455022404e-03 8.050730885824225469e-01 1.949419114175783285e-01 1.000015000000000764e+00 0.000000000000000000e+00 1.000015000000000764e+00
1.011980638086503424e-02 7.986391547626325860e-01 2.013758452373681507e-01 1.000015000000000764e+00 0.000000000000000000e+00 1.000015000000000764e+00
1.266856786082685982e-02 7.942418909483870415e-01 2.057731090516137229e-01 1.000015000000000764e+00 0.000000000000000000e+00 1.000015000000000764e+00
1.510663174211067383e-02 7.910281726352547116e-01 2.089868273647463304e-01 1.000015000000000764e+00 0.000000000000000000e+00 1.000015000000000764e+00
1.765347450555704995e-02 7.883120994150520922e-01 2.117029005849490608e-01 1.000015000000000986e+00 0.000000000000000000e+00 1.000015000000000986e+00
2.029277806123983355e-02 7.859678617253408328e-01 2.140471382746603757e-01 1.000015000000000986e+00 0.000000000000000000e+00 1.000015000000000986e+00
2.270823898913477967e-02 7.841264835706205361e-01 2.158885164293807279e-01 1.000015000000000986e+00 0.000000000000000000e+00 1.000015000000000986e+00
2.518391873224679403e-02 7.824690306595546430e-01 2.175459693404467321e-01 1.000015000000001208e+00 0.000000000000000000e+00 1.000015000000001208e+00
2.771600479139971901e-02 7.809642333818094251e-01 2.190507666181920610e-01 1.000015000000001431e+00 0.000000000000000000e+00 1.000015000000001431e+00
3.030126236720248958e-02 7.795885212818922660e-01 2.204264787181094976e-01 1.000015000000001653e+00 0.000000000000000000e+00 1.000015000000001653e+00
3.260426275213765268e-02 7.784761857914046512e-01 2.215388142085973344e-01 1.000015000000001653e+00 0.000000000000000000e+00 1.000015000000001653e+00
3.527993633933924900e-02 7.772963791330216310e-01 2.227186208669805489e-01 1.000015000000001875e+00 0.000000000000000000e+00 1.000015000000001875e+00
3.765768344825733832e-02 7.763348102863598665e-01 2.236801897136425354e-01 1.000015000000002097e+00 0.000000000000000000e+00 1.000015000000002097e+00
4.006809043544909410e-02 7.754319604125148313e-01 2.245830395874875152e-01 1.000015000000002097e+00 0.000000000000000000e+00 1.000015000000002097e+00
4.250989820457842100e-02 7.745819293468597655e-01 2.254330706531426642e-01 1.000015000000002097e+00 0.000000000000000000e+00 1.000015000000002097e+00
4.533748505160570264e-02 7.736686881826171369e-01 2.263463118173854038e-01 1.000015000000002319e+00 0.000000000000000000e+00 1.000015000000002319e+00
4.784272474796853053e-02 7.729157617283501924e-01 2.270992382716522928e-01 1.000015000000002319e+00 0.000000000000000000e+00 1.000015000000002319e+00
5.001238762115377962e-02 7.723016537744777921e-01 2.277133462255248042e-01 1.000015000000002541e+00 0.000000000000000000e+00 1.000015000000002541e+00
5.256888731120257230e-02 7.716186837637051266e-01 2.283963162362975807e-01 1.000015000000002763e+00 0.000000000000000000e+00 1.000015000000002763e+00
5.515174156849474152e-02 7.709689667851227224e-01 2.290460332148800127e-01 1.000015000000002763e+00 0.000000000000000000e+00 1.000015000000002763e+00
5.776015284434891234e-02 7.703498661707905981e-01 2.296651338292123035e-01 1.000015000000002985e+00 0.000000000000000000e+00 1.000015000000002985e+00
6.001570913609095836e-02 7.698418306826881885e-01 2.301731693173147408e-01 1.000015000000002985e+00 0.000000000000000000e+00 1.000015000000002985e+00
6.266964257639198732e-02 7.692735913680701643e-01 2.307414086319328761e-01 1.000015000000002985e+00 0.000000000000000000e+00 1.000015000000002985e+00
6.534712624155930571e-02 7.687298946497200802e-01 2.312851053502831822e-01 1.000015000000002985e+00 0.000000000000000000e+00 1.000015000000002985e+00
6.766038519592626477e-02 7.682821073061285588e-01 2.317328926938747591e-01 1.000015000000003207e+00 0.000000000000000000e+00 1.000015000000003207e+00
7.037998525101266112e-02 7.677795580554414023e-01 2.322354419445621099e-01 1.000015000000003429e+00 0.000000000000000000e+00 1.000015000000003429e+00
7.272849644696700866e-02 7.673647967675226722e-01 2.326502032324809788e-01 1.000015000000003651e+00 0.000000000000000000e+00 1.000015000000003651e+00
7.509274111496960780e-02 7.669639394915204189e-01 2.330510605084834541e-01 1.000015000000003651e+00 0.000000000000000000e+00 1.000015000000003651e+00
7.787048883560142298e-02 7.665128241120309216e-01 2.335021758879728959e-01 1.000015000000003873e+00 0.000000000000000000e+00 1.000015000000003873e+00
8.026775200843053182e-02 7.661395190189195237e-01 2.338754809810844049e-01 1.000015000000003873e+00 0.000000000000000000e+00 1.000015000000003873e+00
8.267979122242018197e-02 7.657778986450882730e-01 2.342371013549156555e-01 1.000015000000003873e+00 0.000000000000000000e+00 1.000015000000003873e+00
8.510633184836746690e-02 7.654273437331982066e-01 2.345876562668058607e-01 1.000015000000003873e+00 0.000000000000000000e+00 1.000015000000003873e+00
8.754712123716507088e-02 7.650872953231481199e-01 2.349277046768558919e-01 1.000015000000003873e+00 0.000000000000000000e+00 1.000015000000003873e+00
9.000191170911350791e-02 7.647572561076725339e-01 2.352577438923315334e-01 1.000015000000004095e+00 0.000000000000000000e+00 1.000015000000004095e+00
9.288320593576505912e-02 7.643841767036625434e-01 2.356308232963414961e-01 1.000015000000004095e+00 0.000000000000000000e+00 1.000015000000004095e+00
9.536749584057639673e-02 7.640741654891965995e-01 2.359408345108074956e-01 1.000015000000004317e+00 0.000000000000000000e+00 1.000015000000004317e+00
9.786488937413859168e-02 7.637727428662528517e-01 2.362422571337513821e-01 1.000015000000004317e+00 0.000000000000000000e+00 1.000015000000004317e+00
1.000000000000000056e-01 7.635227287632939674e-01 2.364922712367102386e-01 1.000015000000004317e+00 0.000000000000000000e+00 1.000015000000004317e+00
