# time  measured_R_shock  Sedov_R_2D_xi_equals_1
1.461406454903160714e-04 0.000000000000000000e+00 1.208886452444215588e-02
2.587512661855328935e-03 8.432434822235508609e-02 5.086759933253513777e-02
5.169800253624535005e-03 1.138857791961972732e-01 7.190132303111351764e-02
7.571361946455022404e-03 1.367745421875906087e-01 8.701357334608791905e-02
1.011980638086503424e-02 1.535906504010742246e-01 1.005972483762107433e-01
1.266856786082685982e-02 1.691004751711981391e-01 1.125547327340208348e-01
1.510663174211067383e-02 1.839673724893221285e-01 1.229090384882685211e-01
1.765347450555704995e-02 1.933495104806965958e-01 1.328663783865468850e-01
2.029277806123983355e-02 2.079504945969713192e-01 1.424527221966636614e-01
2.270823898913477967e-02 2.165768168067048749e-01 1.506925312984514764e-01
2.518391873224679403e-02 2.307664919959676597e-01 1.586944193481509835e-01
2.771600479139971901e-02 2.390803710640524438e-01 1.664812445634634153e-01
3.030126236720248958e-02 2.468675829582025194e-01 1.740725778725715489e-01
3.260426275213765268e-02 2.553743613856430117e-01 1.805665050670739735e-01
3.527993633933924900e-02 2.631432780171764074e-01 1.878295406461381045e-01
3.765768344825733832e-02 2.709147013187453434e-01 1.940558771288757867e-01
4.006809043544909410e-02 2.786884215896401340e-01 2.001701537079119408e-01
4.250989820457842100e-02 2.864642518327984999e-01 2.061792865556053289e-01
4.533748505160570264e-02 2.942420247697887792e-01 2.129260083963575023e-01
4.784272474796853053e-02 3.020215903137141722e-01 2.187297984911258653e-01
5.001238762115377962e-02 3.092112097994265674e-01 2.236344955975123616e-01
5.256888731120257230e-02 3.166231895181162992e-01 2.292790599056149514e-01
5.515174156849474152e-02 3.244304655132205784e-01 2.348440792706827929e-01
5.776015284434891234e-02 3.261192416365906732e-01 2.403334201569746476e-01
6.001570913609095836e-02 3.331552665659436863e-01 2.449810383194808705e-01
6.266964257639198732e-02 3.409420113129577601e-01 2.503390552358780163e-01
6.534712624155930571e-02 3.482044484072898682e-01 2.556308397700858270e-01
6.766038519592626477e-02 3.554902122641704909e-01 2.601160994554667649e-01
7.037998525101266112e-02 3.572030153016978460e-01 2.652922638355906804e-01
7.272849644696700866e-02 3.638059047460953654e-01 2.696822138127892843e-01
7.509274111496960780e-02 3.712787367876391187e-01 2.740305477770126341e-01
7.787048883560142298e-02 3.727553261901498383e-01 2.790528423714788708e-01
8.026775200843053182e-02 3.798915989504439983e-01 2.833156402467582047e-01
8.267979122242018197e-02 3.868962660754494687e-01 2.875409383416910880e-01
8.510633184836746690e-02 3.883134732604896500e-01 2.917298953627609492e-01
8.754712123716507088e-02 3.950144009439718884e-01 2.958836278626532645e-01
9.000191170911350791e-02 4.023627119318153311e-01 3.000031861649364306e-01
9.288320593576505912e-02 4.038767820488384785e-01 3.047674620686484093e-01
9.536749584057639673e-02 4.106210164380593164e-01 3.088162816960536849e-01
9.786488937413859168e-02 4.124008521943486327e-01 3.128336448883632936e-01
1.000000000000000056e-01 4.188622167737560686e-01 3.162277660168379412e-01
