# time  measured_R_shock  Sedov_R_2D_xi_equals_1
1.461406454903160714e-04 0.000000000000000000e+00 1.208886452444215588e-02
2.649969677124369878e-03 8.286407592029854108e-02 5.147785618228841592e-02
5.142525674628226767e-03 1.072619548261404820e-01 7.171140547101434448e-02
7.714814157814985432e-03 1.303774942834268480e-01 8.783401481097732888e-02
1.010776956248083357e-02 1.458449586140193044e-01 1.005374037981926066e-01
1.280425594171594357e-02 1.624737058053548622e-01 1.131558922094468012e-01
1.502785265284250354e-02 1.758246474207328103e-01 1.225881423827056144e-01
1.784243253462497111e-02 1.869294705313343519e-01 1.335755686292406097e-01
2.044540148439004043e-02 2.001738746143587044e-01 1.429874172239992691e-01
2.274979995492058121e-02 2.088291625722446809e-01 1.508303681455448186e-01
2.517774431370582711e-02 2.177011686420745884e-01 1.586749643570334323e-01
2.772967876973803092e-02 2.267644574015623693e-01 1.665223071235143182e-01
3.040605496966578350e-02 2.385692419469135905e-01 1.743733206934644231e-01
3.263687450796775441e-02 2.461247500316150749e-01 1.806567864985086924e-01
3.553795762274090941e-02 2.546563439532284479e-01 1.885151389749399053e-01
3.794887740695416373e-02 2.624465161287629078e-01 1.948047160798581923e-01
4.043968629580665941e-02 2.702379774441871496e-01 2.010962115401646599e-01
4.301020768960848312e-02 2.780306195199100938e-01 2.073890249979696565e-01
4.566046452991782967e-02 2.853969446501223306e-01 2.136830936923130309e-01
4.769909622244964537e-02 2.896425767486973113e-01 2.184012276120481100e-01
5.047191612271084010e-02 2.973372224060166213e-01 2.246595560458331531e-01
5.259057564558747982e-02 3.028288663017860149e-01 2.293263518342091578e-01
5.546622522762375412e-02 3.105898653419409405e-01 2.355126859165419806e-01
5.766040522233558535e-02 3.170084932073981565e-01 2.401258112372253450e-01
6.063506333328243930e-02 3.244304655132205784e-01 2.462418797306470397e-01
6.290234576707839920e-02 3.281714996813784868e-01 2.508034006290154050e-01
6.520031731832452715e-02 3.348000365190018646e-01 2.553435280525522266e-01
6.752863213109107365e-02 3.404045301411616209e-01 2.598627178551995986e-01
7.067969433192479445e-02 3.478537009514560130e-01 2.658565296018226554e-01
7.307746619015415002e-02 3.513454190901383889e-01 2.703284413267574848e-01
7.550439709857198478e-02 3.580563443134683332e-01 2.747806345042750342e-01
7.796020658506562506e-02 3.638059047460953654e-01 2.792135501458796187e-01
8.044463390285933047e-02 3.679762140962714589e-01 2.836276324740932830e-01
8.295743695351810720e-02 3.735731317501634896e-01 2.880233270995912198e-01
8.549839132889661131e-02 3.798915989504439983e-01 2.924010795617837943e-01
8.806728943577578350e-02 3.834099292247463708e-01 2.967613341319515485e-01
9.066393978985222424e-02 3.890985801543421219e-01 3.011045329945270521e-01
9.328816639873342698e-02 3.954776705335271147e-01 3.054311156361339541e-01
9.505289079451680057e-02 3.977859255656552295e-01 3.083064884080722878e-01
9.772272697042305722e-02 4.038767820488384785e-01 3.126063450578427938e-01
1.000000000000000056e-01 4.077870561986059461e-01 3.162277660168379412e-01
